0,1,2,3,4
,,,,
Aggregate Principal Balance of the Automobile Loan Contracts,,$,1316861669.06,
Minimum Specified Reserve Account Amount,,$,13168616.69,
